39 0.261719 0.410156 0.042480 0.042480
39 0.765625 0.326172 0.042480 0.042480
39 0.298828 0.669922 0.042480 0.042480
39 0.417969 0.501953 0.042480 0.042480
39 0.226562 0.062500 0.042480 0.042480
39 0.546875 0.351562 0.042480 0.042480
39 0.335938 0.966797 0.042480 0.042480
39 0.322266 0.328125 0.042480 0.042480
39 0.634766 0.537109 0.042480 0.042480
39 0.425781 0.935547 0.042480 0.042480
39 0.470703 0.253906 0.042480 0.042480
39 0.679688 0.361328 0.042480 0.042480
39 0.179688 0.039062 0.042480 0.042480
39 0.414062 0.964844 0.042480 0.042480
3 0.908203 0.314453 0.042480 0.042480
39 0.373047 0.074219 0.042480 0.042480
39 0.716797 0.171875 0.042480 0.042480
39 0.332031 0.179688 0.042480 0.042480
39 0.707031 0.613281 0.042480 0.042480
39 0.658203 0.341797 0.042480 0.042480
39 0.820312 0.937500 0.042480 0.042480
39 0.597656 0.263672 0.042480 0.042480
39 0.728516 0.794922 0.042480 0.042480
39 0.843750 0.367188 0.042480 0.042480
39 0.480469 0.189453 0.042480 0.042480
39 0.884766 0.552734 0.042480 0.042480
39 0.912109 0.414062 0.042480 0.042480
39 0.923828 0.445312 0.042480 0.042480
3 0.886719 0.847656 0.042480 0.042480
39 0.800781 0.716797 0.042480 0.042480
3 0.281250 0.847656 0.042480 0.042480
3 0.500000 0.863281 0.042480 0.042480
28 0.585938 0.808594 0.042480 0.042480
39 0.675781 0.175781 0.042480 0.042480
39 0.800781 0.072266 0.042480 0.042480
7 0.382812 0.273438 0.042480 0.042480
3 0.835938 0.292969 0.042480 0.042480
39 0.722656 0.072266 0.042480 0.042480
3 0.400391 0.457031 0.042480 0.042480
3 0.152344 0.550781 0.042480 0.042480
3 0.593750 0.673828 0.042480 0.042480
40 0.162109 0.585938 0.042480 0.042480
9 0.109375 0.210938 0.042480 0.042480
39 0.951172 0.677734 0.042480 0.042480
3 0.156250 0.390625 0.042480 0.042480
7 0.496094 0.693359 0.042480 0.042480
11 0.839844 0.515625 0.042480 0.042480
39 0.707031 0.302734 0.042480 0.042480
3 0.677734 0.878906 0.042480 0.042480
19 0.187500 0.103516 0.042480 0.042480
37 0.224609 0.826172 0.042480 0.042480
40 0.794922 0.240234 0.042480 0.042480
36 0.865234 0.462891 0.042480 0.042480
36 0.843750 0.107422 0.042480 0.042480
30 0.242188 0.267578 0.042480 0.042480
3 0.957031 0.791016 0.042480 0.042480
3 0.541016 0.771484 0.042480 0.042480
33 0.501953 0.257812 0.042480 0.042480
3 0.759766 0.193359 0.042480 0.042480
30 0.666016 0.285156 0.042480 0.042480
40 0.037109 0.076172 0.042480 0.042480
28 0.375000 0.683594 0.042480 0.042480
37 0.607422 0.193359 0.042480 0.042480
11 0.230469 0.384766 0.042480 0.042480
9 0.878906 0.923828 0.042480 0.042480
9 0.843750 0.437500 0.042480 0.042480
7 0.279297 0.089844 0.042480 0.042480
29 0.103516 0.455078 0.042480 0.042480
11 0.759766 0.089844 0.042480 0.042480
30 0.044922 0.425781 0.042480 0.042480
15 0.341797 0.595703 0.042480 0.042480
24 0.716797 0.103516 0.042480 0.042480
36 0.753906 0.828125 0.042480 0.042480
4 0.171875 0.078125 0.042480 0.042480
10 0.876953 0.136719 0.042480 0.042480
22 0.101562 0.640625 0.042480 0.042480
40 0.347656 0.703125 0.042480 0.042480
10 0.482422 0.039062 0.042480 0.042480
24 0.314453 0.769531 0.042480 0.042480
2 0.037109 0.185547 0.042480 0.042480
7 0.253906 0.886719 0.042480 0.042480
10 0.900391 0.525391 0.042480 0.042480
11 0.308594 0.371094 0.042480 0.042480
15 0.507812 0.955078 0.042480 0.042480
36 0.402344 0.333984 0.042480 0.042480
36 0.314453 0.507812 0.042480 0.042480
36 0.275391 0.201172 0.042480 0.042480
15 0.683594 0.261719 0.042480 0.042480
11 0.279297 0.714844 0.042480 0.042480
11 0.289062 0.345703 0.042480 0.042480
9 0.371094 0.792969 0.042480 0.042480
9 0.117188 0.136719 0.042480 0.042480
11 0.689453 0.919922 0.042480 0.042480
6 0.585938 0.433594 0.042480 0.042480
9 0.533203 0.322266 0.042480 0.042480
30 0.660156 0.564453 0.042480 0.042480
4 0.107422 0.361328 0.042480 0.042480
15 0.689453 0.847656 0.042480 0.042480
10 0.835938 0.330078 0.042480 0.042480
22 0.927734 0.115234 0.042480 0.042480
6 0.554688 0.173828 0.042480 0.042480
30 0.736328 0.529297 0.042480 0.042480
36 0.216797 0.443359 0.042480 0.042480
10 0.298828 0.796875 0.042480 0.042480
10 0.775391 0.556641 0.042480 0.042480
4 0.714844 0.718750 0.042480 0.042480
29 0.878906 0.236328 0.042480 0.042480
6 0.484375 0.812500 0.042480 0.042480
30 0.087891 0.378906 0.042480 0.042480
10 0.283203 0.748047 0.042480 0.042480
11 0.314453 0.910156 0.042480 0.042480
6 0.361328 0.546875 0.042480 0.042480
11 0.728516 0.238281 0.042480 0.042480
29 0.595703 0.949219 0.042480 0.042480
33 0.146484 0.115234 0.042480 0.042480
40 0.333984 0.271484 0.042480 0.042480
10 0.560547 0.070312 0.042480 0.042480
22 0.419922 0.283203 0.042480 0.042480
9 0.822266 0.632812 0.042480 0.042480
25 0.500000 0.617188 0.042480 0.042480
4 0.074219 0.572266 0.042480 0.042480
11 0.562500 0.257812 0.042480 0.042480
22 0.142578 0.628906 0.042480 0.042480
10 0.160156 0.298828 0.042480 0.042480
40 0.429688 0.896484 0.042480 0.042480
40 0.423828 0.804688 0.042480 0.042480
4 0.205078 0.943359 0.042480 0.042480
6 0.699219 0.808594 0.042480 0.042480
36 0.933594 0.607422 0.042480 0.042480
2 0.560547 0.664062 0.042480 0.042480
30 0.628906 0.376953 0.042480 0.042480
34 0.222656 0.632812 0.042480 0.042480
10 0.472656 0.433594 0.042480 0.042480
19 0.845703 0.718750 0.042480 0.042480
29 0.105469 0.509766 0.042480 0.042480
10 0.654297 0.697266 0.042480 0.042480
15 0.435547 0.447266 0.042480 0.042480
4 0.195312 0.910156 0.042480 0.042480
30 0.486328 0.724609 0.042480 0.042480
2 0.722656 0.869141 0.042480 0.042480
25 0.123047 0.283203 0.042480 0.042480
40 0.933594 0.695312 0.042480 0.042480
11 0.152344 0.228516 0.042480 0.042480
37 0.542969 0.416016 0.042480 0.042480
4 0.615234 0.449219 0.042480 0.042480
15 0.498047 0.429688 0.042480 0.042480
22 0.865234 0.337891 0.042480 0.042480
28 0.396484 0.128906 0.042480 0.042480
11 0.236328 0.681641 0.042480 0.042480
4 0.552734 0.457031 0.042480 0.042480
11 0.878906 0.701172 0.042480 0.042480
40 0.939453 0.076172 0.042480 0.042480
34 0.554688 0.283203 0.042480 0.042480
30 0.285156 0.224609 0.042480 0.042480
10 0.326172 0.849609 0.042480 0.042480
4 0.556641 0.486328 0.042480 0.042480
4 0.052734 0.921875 0.042480 0.042480
29 0.917969 0.343750 0.042480 0.042480
11 0.478516 0.306641 0.042480 0.042480
10 0.111328 0.421875 0.042480 0.042480
40 0.181641 0.652344 0.042480 0.042480
10 0.068359 0.279297 0.042480 0.042480
22 0.730469 0.332031 0.042480 0.042480
22 0.923828 0.859375 0.042480 0.042480
10 0.531250 0.871094 0.042480 0.042480
9 0.035156 0.214844 0.042480 0.042480
11 0.945312 0.921875 0.042480 0.042480
15 0.378906 0.373047 0.042480 0.042480
15 0.046875 0.582031 0.042480 0.042480
34 0.761719 0.791016 0.042480 0.042480
10 0.671875 0.111328 0.042480 0.042480
11 0.927734 0.189453 0.042480 0.042480
22 0.281250 0.925781 0.042480 0.042480
4 0.925781 0.781250 0.042480 0.042480
10 0.437500 0.666016 0.042480 0.042480
15 0.517578 0.896484 0.042480 0.042480
40 0.964844 0.474609 0.042480 0.042480
40 0.953125 0.435547 0.042480 0.042480
29 0.806641 0.830078 0.042480 0.042480
4 0.281250 0.251953 0.042480 0.042480
4 0.371094 0.607422 0.042480 0.042480
29 0.226562 0.927734 0.042480 0.042480
4 0.703125 0.056641 0.042480 0.042480
30 0.660156 0.449219 0.042480 0.042480
40 0.927734 0.955078 0.042480 0.042480
4 0.828125 0.156250 0.042480 0.042480
6 0.279297 0.056641 0.042480 0.042480
15 0.083984 0.212891 0.042480 0.042480
22 0.255859 0.230469 0.042480 0.042480
30 0.298828 0.564453 0.042480 0.042480
37 0.667969 0.500000 0.042480 0.042480
4 0.716797 0.685547 0.042480 0.042480
2 0.490234 0.912109 0.042480 0.042480
11 0.648438 0.931641 0.042480 0.042480
11 0.287109 0.302734 0.042480 0.042480
34 0.839844 0.835938 0.042480 0.042480
4 0.496094 0.763672 0.042480 0.042480
2 0.191406 0.705078 0.042480 0.042480
11 0.296875 0.273438 0.042480 0.042480
33 0.861328 0.607422 0.042480 0.042480
11 0.564453 0.955078 0.042480 0.042480
30 0.890625 0.373047 0.042480 0.042480
9 0.417969 0.648438 0.042480 0.042480
40 0.601562 0.150391 0.042480 0.042480
15 0.509766 0.220703 0.042480 0.042480
7 0.617188 0.173828 0.042480 0.042480
25 0.933594 0.472656 0.042480 0.042480
24 0.660156 0.257812 0.042480 0.042480
40 0.335938 0.646484 0.042480 0.042480
22 0.345703 0.310547 0.042480 0.042480
10 0.630859 0.199219 0.042480 0.042480
11 0.873047 0.742188 0.042480 0.042480
10 0.582031 0.644531 0.042480 0.042480
29 0.222656 0.193359 0.042480 0.042480
2 0.902344 0.285156 0.042480 0.042480
40 0.783203 0.148438 0.042480 0.042480
22 0.484375 0.080078 0.042480 0.042480
2 0.773438 0.525391 0.042480 0.042480
30 0.167969 0.490234 0.042480 0.042480
40 0.687500 0.470703 0.042480 0.042480
40 0.773438 0.453125 0.042480 0.042480
33 0.109375 0.941406 0.042480 0.042480
4 0.861328 0.382812 0.042480 0.042480
30 0.521484 0.447266 0.042480 0.042480
2 0.042969 0.884766 0.042480 0.042480
2 0.130859 0.880859 0.042480 0.042480
15 0.306641 0.429688 0.042480 0.042480
6 0.183594 0.875000 0.042480 0.042480
29 0.962891 0.064453 0.042480 0.042480
9 0.183594 0.748047 0.042480 0.042480
37 0.806641 0.156250 0.042480 0.042480
22 0.945312 0.244141 0.042480 0.042480
10 0.613281 0.605469 0.042480 0.042480
36 0.675781 0.814453 0.042480 0.042480
6 0.691406 0.958984 0.042480 0.042480
6 0.369141 0.931641 0.042480 0.042480
10 0.267578 0.671875 0.042480 0.042480
11 0.199219 0.289062 0.042480 0.042480
29 0.863281 0.791016 0.042480 0.042480
40 0.947266 0.273438 0.042480 0.042480
10 0.818359 0.048828 0.042480 0.042480
29 0.599609 0.527344 0.042480 0.042480
15 0.634766 0.652344 0.042480 0.042480
9 0.644531 0.427734 0.042480 0.042480
40 0.271484 0.779297 0.042480 0.042480
2 0.185547 0.203125 0.042480 0.042480
10 0.898438 0.685547 0.042480 0.042480
2 0.314453 0.585938 0.042480 0.042480
40 0.435547 0.384766 0.042480 0.042480
34 0.396484 0.898438 0.042480 0.042480
34 0.173828 0.929688 0.042480 0.042480
2 0.576172 0.466797 0.042480 0.042480
2 0.324219 0.208984 0.042480 0.042480
10 0.501953 0.064453 0.042480 0.042480
40 0.759766 0.484375 0.042480 0.042480
40 0.318359 0.480469 0.042480 0.042480
25 0.718750 0.658203 0.042480 0.042480
10 0.439453 0.636719 0.042480 0.042480
30 0.791016 0.179688 0.042480 0.042480
11 0.363281 0.761719 0.042480 0.042480
30 0.250000 0.566406 0.042480 0.042480
22 0.050781 0.496094 0.042480 0.042480
25 0.365234 0.486328 0.042480 0.042480
15 0.914062 0.146484 0.042480 0.042480
4 0.480469 0.152344 0.042480 0.042480
40 0.205078 0.769531 0.042480 0.042480
11 0.810547 0.271484 0.042480 0.042480
10 0.058594 0.853516 0.042480 0.042480
10 0.464844 0.375000 0.042480 0.042480
10 0.394531 0.357422 0.042480 0.042480
30 0.185547 0.441406 0.042480 0.042480
6 0.132812 0.359375 0.042480 0.042480
15 0.748047 0.376953 0.042480 0.042480
11 0.218750 0.146484 0.042480 0.042480
11 0.773438 0.880859 0.042480 0.042480
10 0.423828 0.066406 0.042480 0.042480
10 0.585938 0.875000 0.042480 0.042480
11 0.269531 0.287109 0.042480 0.042480
15 0.140625 0.335938 0.042480 0.042480
15 0.621094 0.425781 0.042480 0.042480
4 0.105469 0.880859 0.042480 0.042480
22 0.931641 0.636719 0.042480 0.042480
10 0.341797 0.917969 0.042480 0.042480
2 0.767578 0.859375 0.042480 0.042480
30 0.054688 0.248047 0.042480 0.042480
4 0.048828 0.460938 0.042480 0.042480
11 0.269531 0.945312 0.042480 0.042480
30 0.212891 0.687500 0.042480 0.042480
22 0.751953 0.445312 0.042480 0.042480
34 0.433594 0.335938 0.042480 0.042480
22 0.033203 0.933594 0.042480 0.042480
33 0.800781 0.759766 0.042480 0.042480
4 0.140625 0.162109 0.042480 0.042480
40 0.949219 0.845703 0.042480 0.042480
4 0.912109 0.091797 0.042480 0.042480
9 0.574219 0.515625 0.042480 0.042480
2 0.554688 0.226562 0.042480 0.042480
10 0.378906 0.107422 0.042480 0.042480
40 0.443359 0.613281 0.042480 0.042480
